-0.753154
-0.998647
-0.715904
-0.647433
-0.253640
-1.534787
-0.179379
0.847864
1.127509
0.589955
-0.580380
-0.008862
-1.363133
-0.196598
1.256770
-1.042974
-0.105528
-0.756691
-0.224090
0.665412
1.088638
0.801255
0.746121
-0.880006
-0.569447
-0.723257
0.498035
0.936209
-0.321792
-1.663227
-1.039131
0.253434
0.298351
0.611618
-1.023858
0.595102
1.505225
0.969834
-0.415388
0.680374
0.131029
0.055579
0.049506
-1.375267
0.434557
0.467911
0.576719
0.146142
0.406318
-1.631605
-0.317275
-0.538588
0.387689
-2.785528
0.367236
0.482655
0.360203
-0.532603
0.439450
-1.875919
-0.606306
0.924432
0.223212
-0.334040
-0.015556
0.386398
0.016482
-0.504916
0.444566
1.540317
-1.396600
0.374173
-0.689934
0.756752
-0.609149
-1.469104
0.393936
-0.481224
-0.407668
0.906235
-0.374441
0.736299
-0.444367
0.435284
0.316100
0.069205
2.030818
-1.116089
1.362701
-0.315428
1.311902
-0.774568
0.256965
-0.870893
0.121076
0.135130
-0.438286
0.551766
-1.570157
0.646248
0.724867
0.425251
-0.078389
-1.082776
-0.489837
-0.704179
-0.764686
-0.530272
0.481222
-0.125811
-0.330220
1.469876
-1.220757
-0.049272
0.055806
-1.953797
-1.207288
-1.410650
0.441644
1.198290
-0.159987
0.818756
-1.551509
-2.698714
-0.051666
-0.513620
0.268958
-1.246328
0.358145
0.861380
-0.641360
-0.302825
1.104822
0.243251
-0.229938
-0.891467
-0.215445
-0.134244
0.358250
-0.432933
0.178900
1.120967
-0.462235
0.052169
1.273136
1.359541
0.616346
0.140481
0.381717
1.674731
0.249809
0.358821
1.268857
-0.077224
-0.082264
1.037243
0.243518
-0.078207
0.128934
-0.097482
1.825430
1.877782
-0.709050
-0.572910
-0.487793
-0.600598
-0.848323
-0.688063
0.721487
-0.197430
-0.260660
0.029795
1.280332
-0.873747
0.377451
1.282159
0.049710
-0.991397
0.825246
-1.371196
-0.608299
0.927121
-0.602581
-0.458700
-0.461413
0.173641
-1.420821
2.003374
0.323095
-1.576072
0.719540
-1.285236
-0.030961
-1.568845
0.119237
1.239719
-0.520900
-0.463271
0.405496
-2.393493
-0.005199
-0.803254
1.265297
-0.645654
0.309184
0.743216
0.658591
-0.810963
-0.900468
-1.359895
0.045448
2.507961
-0.533911
-0.183017
-0.908545
0.403705
1.408848
1.230585
-1.172861
-0.146426
-0.075873
-1.943525
1.049751
1.065002
-0.227841
0.935180
0.360104
0.709264
0.619450
1.041557
0.277745
1.737947
-0.431184
0.697935
0.636666
0.684590
-0.144719
-0.171384
-0.591337
1.264934
1.656845
-1.317340
0.162223
1.029040
-0.953720
-1.203139
-1.228162
-1.199185
0.865071
1.525205
-0.154135
1.108813
0.435413
0.598128
-1.337862
-1.716919
-0.620350
-1.049821
-0.258730
-1.074442
-0.640908
0.754345
-0.725859
-0.401611
0.108571
-1.180817
-0.032048
-0.197163
-0.978092
-1.605873
0.801139
-0.819624
-2.054961
0.225044
-1.537757
-0.563516
-0.928382
-1.458106
0.234594
1.791369
-2.160446
0.599434
-2.487117
2.204850
1.531701
-2.777459
0.619260
0.025249
1.240982
-1.279991
0.229046
0.791624
0.567998
-0.391960
1.004495
0.730204
1.943927
-0.590309
-1.725075
0.478924
-2.028141
-0.278765
-0.283000
0.723923
-1.323049
-0.988191
-0.460728
0.933408
0.062536
0.658925
-1.480663
-0.407820
0.250075
-0.171076
-0.465535
-1.498528
-1.042139
-0.967374
-2.004936
-1.742034
-0.755207
0.915472
-3.512184
0.758407
-0.094686
-1.693403
-0.959214
-0.876737
-0.815934
-0.168574
-0.852840
0.429757
0.767677
1.079406
1.032315
0.004533
1.235752
-0.783434
-1.786602
-0.924926
-0.476878
-1.353095
-2.139383
-0.872885
-1.310006
1.370532
-2.262667
-1.349362
1.477470
0.400283
0.131480
-0.415117
1.870743
0.214306
-1.894500
0.042516
-1.077888
0.675840
-2.146572
0.794160
1.443304
0.261143
0.646868
0.480403
0.263200
-0.412522
0.650223
-1.425842
0.871747
-1.575103
-0.408416
-1.129772
-0.620985
1.050610
-0.948010
-0.709284
0.422607
0.074166
-2.516413
0.210999
-1.427400
0.704752
-0.850748
-0.519672
1.338708
-0.361771
0.271102
-1.455331
-0.930147
0.453254
0.110774
0.429006
0.335649
-0.697558
1.715427
2.048703
0.623726
-0.517933
0.960225
-1.019374
-0.716680
-0.791770
-1.158048
1.601347
-0.454720
0.988272
0.043423
1.649153
-2.807113
-1.914872
-0.183803
0.876620
-1.015987
1.154700
-0.542284
-0.045552
-0.904831
-1.615590
-0.747096
-0.582099
-0.342073
-0.525702
-0.340078
-0.064229
-0.377401
-1.226770
0.188258
0.731743
0.555270
0.845275
0.042660
-0.115595
1.407635
0.909313
0.753424
2.018709
-1.878334
0.792961
-0.279026
-1.228396
0.151011
-0.115178
0.539168
0.502026
1.145238
0.429038
0.242520
-0.428055
-1.665631
0.076186
0.930119
-0.845786
-0.628866
-1.526451
-1.124384
-0.035190
1.241853
-1.544989
1.623481
-1.894269
0.466720
1.310915
-0.060630
-1.098347
-0.163320
1.514065
-0.902155
-1.121093
-2.661498
-0.339003
0.022141
-1.030080
0.501751
0.399033
-0.492625
0.240418
1.040928
0.244336
0.021631
0.290899
-0.643740
-0.838816
2.850886
-0.362858
-2.356924
-0.554028
0.649117
0.830008
0.055896
0.388328
-1.452179
0.289719
-0.902657
-0.873315
-0.951646
-1.641176
0.416850
-0.394091
1.388143
0.882105
