2.005330400452308
-0.6488109815033583
-1.4976111354604136
-2.023153012897542
-1.84787643910543
-1.2260860720834859
-0.106753863830058
-0.4285009030541972
-0.3600273591733762
1.3666744286571737
-0.6488109815033165
0.5810308587486442
0.44673131279520273
0.8230117752172741
0.5790180304608968
0.5019738032272092
0.06157889213833066
0.008600256350844201
0.014931893214597994
-0.49349665168943474
-1.4976111354604387
0.4467313127952443
2.0114381702633204
1.8282552292863954
1.7337215602896316
1.1057587892831016
0.13023294933196683
0.28104825952596707
0.15913417979570915
-1.3373414956740057
-2.0231530128975743
0.82301177521732
1.8282552292864036
2.816505253463338
2.275319602437527
1.4183000318630334
0.19551233423254727
0.2725804950515591
0.25635628350102985
-1.8086933988289693
-1.8478764391055014
0.5790180304609607
1.7337215602896676
2.2753196024375546
2.551013074910987
1.242567956215904
0.175652977796049
0.21487407043323625
0.3032236795250318
-1.665241770527554
-1.226086072083474
0.5019738032272313
1.105758789283079
1.4183000318630041
1.2425679562158494
1.3821574889258277
0.07925071372710293
0.19833529313735176
0.16325356709396002
-1.068521749479788
-0.10675386383010918
0.06157889213833291
0.13023294933201984
0.19551233423260553
0.17565297779612501
0.07925071372712839
0.40209249898248167
0.03654649848135434
-0.03302284007517525
-0.24097757182744828
-0.4285009030542322
0.008600256350855456
0.2810482595259972
0.27258049505159043
0.2148740704332719
0.19833529313737214
0.03654649848134197
0.646085373360894
0.17767458807963635
-0.24209646912528893
-0.36002735917342055
0.014931893214619546
0.15913417979574207
0.256356283501062
0.30322367952506335
0.1632535670939899
-0.03302284007520072
0.17767458807962946
0.4847516257864758
-0.30059609460591474
1.3666744286572992
-0.49349665168948775
-1.337341495674104
-1.8086933988290712
-1.665241770527658
-1.0685217494798664
-0.24097757182738808
-0.2420964691252779
-0.3005960946059254
1.784523013343044
-0.32247050928055154
-2.1234597569747815
0.9053307422568285
-0.8297643173280256
0.4769911106672835
0.04897669680420411
-2.645121559996842
-1.057457217218839
-0.704219881731825
0.4883857103779824
