1.3897356773274459
-0.1684823762975314
-0.7740644458461315
1.3192922609037814
-1.2804744946153368
-1.2260207721151406
0.21644064780890093
-0.7644810577936756
-2.069027104296774
-0.23108366064171154
0.4137070354709941
0.7110244235196576
0.3108835184454013
0.20662289389780641
0.30882237547714075
-0.0679965768860486
-0.22859375351632238
1.0707306444459161
0.674850253281696
-1.225749512415938
-0.19230186932177193
-0.6713443524257785
0.9231075496735914
0.09172885065849654
-0.2655243044855175
-0.8882804043104653
-0.6209634349375234
-1.4882056989287464
1.5506350495930818
-0.8241500051468886
-0.1684823762975083
0.6029164731714496
0.08768356618656283
-0.42369725189521734
0.41275572312331665
0.36199105356550293
-0.12321328149693019
0.14535170350618593
0.5175042499825129
-0.007919986103200743
-0.09839080022250114
-0.27560276838523373
-0.10474245619243128
-0.05751097105182648
-0.12097315607931455
-0.07657866353981756
-0.044575508835256156
-0.37850552700628365
-0.2970351226814217
0.39066008380889994
0.04611823145565695
0.14948487291821771
-0.2500057033612898
-0.012973230698762654
0.07562858227066226
0.2629142785447269
0.23137037371959643
0.4236530754137439
-0.40279464175025864
0.22395708323327704
-0.7740644458461173
0.08768356618658053
1.2559843799854582
-1.1307245648382471
1.2146388075149024
1.1857583460097199
-0.2427110070770229
0.7240388633442149
1.9188798245413157
0.04905794122743817
-0.546797081608218
-0.6184823092263794
-0.23980832591753604
-0.2506417515482796
-0.39109626979683765
-0.05652725607981494
0.13746449540336883
-1.0707205450181119
-0.6866091213658074
1.1080477710635814
0.1388121995309881
0.6132429984244512
-0.8374361448661055
-0.11173881288003075
0.13367518129992156
0.8956607707490155
0.6606889303829157
1.3733394409376964
-1.465908515232424
0.8557619131458275
1.3192922609038031
-0.4236972518952551
-1.1307245648382906
2.8427794658262515
-2.1853309600326836
-2.0277637687366403
0.41332488366305464
-1.3021748591783031
-3.433282241226475
-0.1699217160955332
0.9166355257626297
1.070462342798074
0.4975404957712575
0.400098283241267
0.6611683252712526
0.052050508813754184
-0.3699257570987156
1.8557659808808409
1.1584748425260543
-2.1208233413817554
-0.2768115077047938
-1.1811165939218429
1.4431365415929531
0.13491120029919407
-0.3105702058520604
-1.6932554034358445
-1.0977552766230587
-2.5082833742299195
2.5658447664632718
-1.4791703138685732
-1.2804744946153468
0.41275572312335007
1.2146388075149392
-2.1853309600326742
2.6004155030966505
2.0848817243709448
-0.39996371443602974
1.2202012401746227
3.256866301939501
0.2677605015669865
-0.9800088812818739
-1.1647293913915457
-0.5521758001019672
-0.44685161986890765
-0.6979141598702362
-0.08387936648807734
0.39701790298986966
-1.8893904999768718
-1.1638638297432813
1.9012593989664033
0.2164379047454688
1.0625381704283172
-1.410608835316904
-0.22699071355535744
0.2549987855883522
1.6099815079236761
1.019155072722251
2.5529249006735912
-2.5563652916426065
1.5484694173172397
-1.2260207721151803
0.3619910535655431
1.1857583460097807
-2.027763768736664
2.084881724370978
2.5505921858896077
-0.476577116830192
1.1206713012284664
3.300703452070237
0.23939090634244276
-0.9629304764094235
-1.0688366441529518
-0.48871137858044544
-0.37894149745113503
-0.6546202395844872
0.021145196791593296
0.32025353080759106
-1.8067071038933429
-1.1693042269949585
1.944119193774089
0.2537359578263464
0.9083732450214429
-1.3823147480029714
-0.16104734856359304
0.17907466410056047
1.5180806396372615
1.0227241534010107
2.3221736569729723
-2.5520079989575373
1.4681673445999308
0.21644064780888203
-0.12321328149693318
-0.24271100707701204
0.41332488366302356
-0.39996371443599993
-0.47657711683015597
0.6786234268632868
-0.23745117541779298
-0.6782064506021248
0.011045637818923287
0.240088368098123
0.32481527866801224
0.14567438196188134
0.08858772220774275
0.043682600808885655
0.027868132569594677
-0.08851774189565184
0.3770373725258992
0.18889559539111803
-0.4505182915866343
-0.08845758695606756
-0.20658639324237818
0.2752324815631924
0.0613777675878543
-0.14659305309289405
-0.40040342229165243
-0.32682976297347394
-0.6087103653889576
0.5145381356162774
-0.3410767449913457
-0.7644810577936735
0.14535170350620658
0.7240388633442285
-1.3021748591782831
1.2202012401746074
1.120671301228431
-0.23745117541780797
1.315088519366407
1.977110407621606
0.1247838458885
-0.5793655130423065
-0.6969429039877582
-0.34803462315209
-0.3290034635671344
-0.3524680393799461
-0.15101287813355918
0.23244939526860633
-1.1557995528908616
-0.7552535967932602
1.1675707487702078
0.24653039940633012
0.6203401980971014
-0.8504319673032359
-0.11780026159565785
0.16731452632271554
0.9684015433867846
0.7188841890537156
1.4429135678413307
-1.4690573356189027
0.8997896962841533
-2.0690271042967794
0.5175042499825662
1.9188798245413667
-3.4332822412264408
3.2568663019394837
3.3007034520701657
-0.6782064506021674
1.9771104076216186
5.972580923146904
0.35407704619329994
-1.3786455902044803
-1.8081889209582227
-0.8028739684869162
-0.7107571795905896
-0.9376074591302082
-0.0806431431634711
0.4760038280620901
-2.889334615624557
-1.8903289579853317
3.2409694552457453
0.3897956921950546
1.7065607763497652
-2.3318601503241303
-0.43066901167109
0.4870032305995177
2.560142008896748
1.6688115450397065
3.912649618141442
-4.0795706466826145
2.3443518495959776
-0.23108366064169505
-0.007919986103203009
0.04905794122742348
-0.16992171609551074
0.26776050156696757
0.23939090634242094
0.01104563781892674
0.12478384588848718
0.3540770461932674
0.5107975631128684
-0.09886951867803885
-0.12192335935904983
-0.03342945048596144
0.03949836682474857
-0.11434310609656573
-0.00911667269713606
-0.01626951301936924
-0.22779155777488816
-0.18114673730843725
0.17584628552495096
-0.007320107213860471
0.1246731564763021
-0.20451393731111103
-0.11222625968224267
-0.02585774669768921
0.22744656807647284
0.15913948959464003
0.19654275465106189
-0.28757357224771246
0.15618180685305302
0.41370703547100474
-0.09839080022251448
-0.5467970816082373
0.916635525762634
-0.9800088812818801
-0.9629304764094191
0.24008836809813466
-0.5793655130423173
-1.3786455902044985
-0.09886951867804719
0.927017329009447
0.4776821996760816
0.16270557017615322
0.21876477593214264
0.2151484393054735
-0.06769799347843673
-0.16373979046487927
0.7840366450950228
0.4748598536681861
-0.8260013472804807
-0.23353885535650415
-0.5315513045697157
0.5657164435798252
0.07891896826296932
-0.1248595239220696
-0.5884800366571608
-0.3671292495368204
-0.929012654453207
0.9704061728875285
-0.6361698496931931
0.7110244235196803
-0.27560276838525777
-0.6184823092264151
1.0704623427980924
-1.164729391391567
-1.0688366441529553
0.32481527866803267
-0.6969429039877809
-1.8081889209582687
-0.1219233593590634
0.4776821996760855
1.0924335534244307
0.3215697132977695
0.16104157533603083
0.4093184225022415
0.03326610533053981
-0.26160510611177074
0.9098903363626131
0.5818491584804106
-1.0653853745652553
-0.15602609836793108
-0.5376344462232783
0.8423609914764736
0.07659195410135494
-0.24104699171907518
-0.938268654615833
-0.5613931786260582
-1.2787609128710071
1.2671805950180177
-0.8398118883075526
0.3108835184453851
-0.10474245619243785
-0.23980832591752477
0.49754049577121995
-0.552175800101937
-0.4887113785804006
0.14567438196188398
-0.34803462315207495
-0.8028739684868686
-0.0334294504859686
0.16270557017613885
0.32156971329774353
0.7516594741428799
-0.01418856197904017
0.08666060578778018
-0.0712249586666789
-0.06221118209960223
0.4523531868078582
0.24141056172982933
-0.4192000292205431
-0.09102544097132856
-0.24557475466118606
0.33132371862728205
0.04663095041992915
-0.094355035907378
-0.46422105942055725
-0.26207613042629535
-0.613205691812393
0.5896389176497381
-0.4984214446251912
0.20662289389779845
-0.05751097105182911
-0.2506417515482818
0.4000982832412582
-0.4468516198688983
-0.378941497451123
0.08858772220774593
-0.3290034635671325
-0.7107571795905823
0.03949836682474792
0.21876477593214028
0.1610415753360239
-0.014188561979039567
0.5475341310649982
0.07959628464564303
-0.11591125179974993
-0.044248486915783695
0.33446923790311206
0.2567473944226839
-0.46283077355947433
-0.04579306809061097
-0.20726343335543476
0.3258715329447
-0.032216865089954715
-0.014585098991024236
-0.3649230540577855
-0.17651246427637357
-0.4391897716690633
0.5217620487004518
-0.35203943692581385
0.308822375477116
-0.12097315607932002
-0.39109626979682366
0.6611683252712086
-0.6979141598701969
-0.6546202395844369
0.043682600808885655
-0.3524680393799253
-0.9376074591301504
-0.11434310609657217
0.21514843930545613
0.4093184225022116
0.08666060578777934
0.07959628464563831
0.7624449388012194
0.04973665275030989
-0.09652699498590603
0.529389483821119
0.31443681922503053
-0.6333619209585517
-0.10816904632353375
-0.3168537428750785
0.38778904599986247
0.07413305935426331
-0.0677277699405724
-0.40188217685987765
-0.3082251756604845
-0.7643906776361132
0.7375507046035638
-0.5493257761188604
-0.06799657688605283
-0.07657866353981874
-0.05652725607981189
0.052050508813748016
-0.0838793664880692
0.021145196791602427
0.027868132569593987
-0.15101287813355674
-0.0806431431634603
-0.009116672697137517
-0.06769799347843959
0.03326610533053524
-0.07122495866667918
-0.1159112517997518
0.049736652750308766
0.5953025757682688
0.0380162584197861
0.007720047430627069
0.08976035248237481
-0.0775870955772203
0.0006311326591310375
-0.03171552159051674
0.05009799231912688
0.0493932721089282
-0.0606366515798335
-0.04704982725888232
-0.026366519596283736
-0.030079972250564947
0.06818862491554047
-0.01082274465527123
-0.22859375351629063
-0.044575508835257974
0.13746449540334532
-0.3699257570986696
0.3970179029898269
0.32025353080754176
-0.08851774189564819
0.23244939526858172
0.47600382806202246
-0.016269513019367722
-0.16373979046486248
-0.26160510611174176
-0.06221118209959247
-0.044248486915778665
-0.09652699498589751
0.03801625841978673
0.5653479133966546
-0.29322423778923357
-0.1773071324442565
0.27632484409445474
0.07079221132007654
0.10588947863836502
-0.23551779039519713
-0.14877881059433007
-0.0237818541917355
0.19448973580973514
0.19632976424026244
0.3349610252919603
-0.41145513306369186
0.19664721938289673
1.0707306444459455
-0.37850552700631723
-1.07072054501816
1.855765980880861
-1.8893904999768971
-1.8067071038933435
0.3770373725259285
-1.1557995528908909
-2.8893346156246147
-0.22779155777490573
0.7840366450950279
0.9098903363626079
0.45235318680789277
0.3344692379031216
0.5293894838211587
0.007720047430632947
-0.2932242377892725
2.207814005513936
0.975259065783582
-1.813535043295281
-0.27908027691922027
-0.8879770077596174
1.1977883882258546
0.21740650589325863
-0.2770214037969474
-1.409813531520632
-0.9518322118060614
-2.215320993929458
2.287482492067198
-1.3711596776204726
0.6748502532817012
-0.29703512268144067
-0.6866091213658263
1.1584748425260456
-1.163863829743277
-1.169304226994936
0.18889559539113285
-0.7552535967932666
-1.8903289579853357
-0.18114673730844988
0.47485985366817984
0.5818491584803954
0.24141056172984743
0.25674739442268657
0.3144368192250524
0.08976035248237871
-0.17730713244428142
0.9752590657835637
1.2829679742719138
-1.082252061174489
-0.15869761149776557
-0.5928474206257677
0.7787301461695595
0.12194307190735719
-0.14717395611789424
-0.9759843489612184
-0.5907998339490742
-1.332595353703888
1.4036549328756676
-0.8389712069137352
-1.2257495124159439
0.390660083808933
1.1080477710636174
-2.1208233413817426
1.9012593989663982
1.9441191937740534
-0.4505182915866618
1.1675707487702192
3.2409694552457564
0.1758462855249709
-0.826001347280472
-1.0653853745652289
-0.4192000292205734
-0.4628307735594778
-0.6333619209585863
-0.07758709557722662
0.2763248440944962
-1.8135350432952515
-1.0822520611744886
2.4976894128891556
0.209936142600508
1.0688160254532173
-1.3423043608307192
-0.2718919726711674
0.3281667943757083
1.4331412779497736
0.9821641780519222
2.3213675493122845
-2.4453452443262753
1.5063853574213701
-0.1923018693217664
0.04611823145566099
0.138812199530987
-0.2768115077047815
0.21643790474545874
0.2537359578263326
-0.08845758695606863
0.24653039940632573
0.3897956921950402
-0.007320107213857563
-0.23353885535649893
-0.15602609836792242
-0.09102544097132992
-0.045793068090609304
-0.10816904632353658
0.0006311326591304164
0.0707922113200801
-0.2790802769192068
-0.1586976114977599
0.20993614260049825
0.49615249313270543
0.17052447862637174
-0.22258697593361473
-0.0835986316351385
0.07415148249636512
0.25463673432768597
0.057688140514770614
0.21923246301266205
-0.33335888038229583
0.2954215366905345
-0.6713443524258
0.14948487291823842
0.6132429984244858
-1.1811165939218629
1.0625381704283396
0.90837324502145
-0.2065863932423971
0.6203401980971237
1.706560776349811
0.12467315647631283
-0.5315513045697212
-0.5376344462232802
-0.24557475466121026
-0.20726343335544034
-0.3168537428751057
-0.03171552159052115
0.10588947863838948
-0.8879770077596232
-0.5928474206257824
1.068816025453242
0.17052447862637965
1.107623298902427
-0.8290660514087332
-0.024339112391291932
0.08771614323136888
0.709969154834713
0.49776933921555916
1.2970225829510478
-1.340976710758336
0.7373255827633388
0.9231075496735869
-0.2500057033613097
-0.8374361448661216
1.4431365415929345
-1.4106088353168915
-1.3823147480029379
0.2752324815632082
-0.8504319673032379
-2.331860150324121
-0.2045139373111245
0.5657164435798164
0.8423609914764512
0.33132371862729904
0.32587153294470295
0.3877890459998838
0.05009799231913088
-0.23551779039522244
1.197788388225828
0.7787301461695547
-1.3423043608307121
-0.2225869759336196
-0.8290660514087134
1.4541152083122866
0.0446121040787537
-0.19783733458957486
-1.0471093670487133
-0.8148812518489517
-1.62910332001812
1.6901482080013177
-1.144280956493559
0.091728850658514
-0.012973230698771269
-0.1117388128800505
0.13491120029921644
-0.2269907135553791
-0.16104734856361222
0.061377767587861946
-0.11780026159567414
-0.4306690116711289
-0.1122262596822465
0.07891896826297662
0.0765919541013654
0.04663095041993964
-0.032216865089951106
0.07413305935427589
0.04939327210892963
-0.14877881059433845
0.2174065058932741
0.12194307190737103
-0.27189197267119064
-0.08359863163514364
-0.024339112391300634
0.044612104078770226
0.5692000539896526
0.014496551352375209
-0.10816782873046098
-0.16937953816410653
-0.3419199991394524
0.29110500836194814
-0.15124288758474141
-0.26552430448552555
0.07562858227066878
0.13367518129993536
-0.31057020585207123
0.2549987855883637
0.17907466410056824
-0.14659305309290027
0.1673145263227253
0.4870032305995403
-0.025857746697686756
-0.12485952392207281
-0.24104699171907915
-0.0943550359073846
-0.014585098991026509
-0.06772776994058131
-0.06063665157983488
-0.023781854191728437
-0.27702140379695406
-0.14717395611790093
0.3281667943757205
0.07415148249636844
0.08771614323137221
-0.1978373345895837
0.014496551352376808
0.650704070485521
0.23592512874510121
0.14093779587754016
0.3856375473313314
-0.490320321208222
0.23466981621002053
-0.8882804043104804
0.2629142785447541
0.8956607707490524
-1.6932554034358527
1.609981507923691
1.5180806396372533
-0.4004034222916769
0.9684015433868044
2.5601420088967846
0.22744656807648655
-0.5884800366571613
-0.9382686546158255
-0.46422105942058417
-0.36492305405779424
-0.4018821768599098
-0.0470498272588886
0.19448973580976692
-1.409813531520626
-0.9759843489612295
1.4331412779497916
0.2546367343276948
0.7099691548347049
-1.0471093670487315
-0.10816782873044717
0.23592512874509514
1.7161425842337814
0.8005321911827491
1.773798369130547
-1.9501982314130228
1.1642035095163865
-0.6209634349375367
0.23137037371961652
0.6606889303829451
-1.0977552766230705
1.0191550727222645
1.0227241534010114
-0.3268297629734923
0.7188841890537319
1.6688115450397403
0.15913948959464838
-0.36712924953682313
-0.5613931786260556
-0.26207613042631706
-0.17651246427637954
-0.30822517566050944
-0.026366519596288582
0.19632976424028475
-0.9518322118060615
-0.590799833949085
0.9821641780519396
0.05768814051477737
0.4977693392155549
-0.814881251848967
-0.16937953816409698
0.14093779587753494
0.8005321911827528
1.0810836201633012
1.1171830661949587
-1.3973207295621426
0.7453930387676136
-1.4882056989287482
0.4236530754137825
1.3733394409377304
-2.508283374229892
2.552924900673574
2.3221736569729163
-0.6087103653889886
1.442913567841337
3.912649618141437
0.19654275465108595
-0.9290126544531927
-1.2787609128709712
-0.6132056918124262
-0.4391897716690699
-0.7643906776361548
-0.030079972250573066
0.33496102529200944
-2.215320993929414
-1.3325953537038837
2.3213675493122756
0.21923246301267146
1.2970225829510127
-1.629103320018126
-0.34191999913942345
0.38563754733131383
1.7737983691305195
1.1171830661949331
3.444198489807942
-2.96855807669584
1.7558654757313472
1.55063504959309
-0.4027946417502981
-1.465908515232465
2.5658447664632575
-2.556365291642602
-2.552007998957497
0.5145381356163102
-1.469057335618916
-4.079570646682628
-0.2875735722477353
0.9704061728875195
1.2671805950179886
0.589638917649773
0.5217620487004596
0.7375507046036065
0.06818862491554786
-0.4114551330637402
2.287482492067162
1.403654932875669
-2.4453452443262766
-0.33335888038230804
-1.3409767107583082
1.6901482080013288
0.29110500836192144
-0.4903203212082088
-1.950198231413003
-1.3973207295621228
-2.968558076695854
3.596504580179644
-1.8249624455809452
-0.8241500051469011
0.22395708323330432
0.8557619131458608
-1.4791703138685754
1.548469417317246
1.4681673445999155
-0.3410767449913675
0.8997896962841689
2.344351849596003
0.1561818068530676
-0.6361698496931902
-0.8398118883075399
-0.4984214446252188
-0.35203943692581846
-0.5493257761188903
-0.010822744655276259
0.19664721938292903
-1.3711596776204615
-0.8389712069137413
1.5063853574213815
0.29542153669054194
0.7373255827633259
-1.144280956493572
-0.1512428875847247
0.23466981621001196
1.1642035095163807
0.7453930387676062
1.7558654757313668
-1.8249624455809563
1.6112470964253514
0.8815293837168958
0.6029159457530108
-0.29213401211688783
-0.42069369499971443
-1.4126035715120207
-0.4427384861348683
0.05290102577996413
0.07162426898969664
0.2181419197890757
-0.8179495811904064
-0.6221169372643697
1.0724305379846553
1.232612969893947
0.03642884258018282
-0.3175785165594699
-0.7861612421352595
-1.0144485460771884
1.5120156533089877
-1.6484352711273202
0.46297170525293035
-1.0631445642725124
-0.6343434503203356
-0.11987792504171904
0.17655018782497622
-0.15749445625323458
-1.5258886272389276
-0.7982599223306442
0.9541438080274114
0.29188801063472763
0.6681841279889493
